19
37
56
74
93
111
130
148
166
185
203
222
240
259
277
295
314
332
351
369
388
406
424
443
461
480
497
516
533
550
569
586
604
622
640
657
674
693
710
728
746
763
781
799
817
834
851
870
887
905
923
941
958
976
994
1011
1030
1047
1064
1083
1100
1118
1136
1154
1171
1189
1207
1224
1243
1260
1277
1296
1313
1331
1348
1366
1384
1401
1419
1437
1455
1472
1490
1508
1525
1544
1561
1579
1597
1614
1632
1650
1668
1685
1703
1721
1738
1757
1774
1792
1810
1827
1845
1863
1881
1898
1915
1933
1951
1969
1986
2004
2022
2039
2058
2075
2093
2111
2128
2146
2164
2182
2199
2217
2235
2252
2271
2288
2306
2324
2341
2359
2377
2395
2412
2430
2448
2465
2483
2500
2519
2536
2553
2572
2589
2607
2625
2642
2660
2678
2696
2713
2732
2749
2766
2785
2802
2820
2838
2855
2873
2891
2909
2926
2945
2962
2979
2998
3015
3033
3050
3067
3086
3103
3121
3139
3156
3174
3192
3210
3227
3246
3263
3280
3299
3316
3334
3352
3369
3387
3405
3423
3440
3459
3476
3493
3512
3529
3547
3565
3582
3600
3617
3635
3653
3671
3688
3706
3724
3741
3760
3777
3794
3813
3830
3848
3866
3884
3901
3919
3937
3954
3973
3990
4007
4026
4043
4061
4079
4097
4114
4132
4150
4167
4185
4202
4220
4238
4255
4274
4291
4308
4327
4344
4362
4380
4398
4415
4432
4451
4468
4486
4504
4521
4539
4557
4575
4592
4611
4628
4645
4664
4681
4699
4717
4734
4752
4769
4787
4805
4823
4840
4858
4876
4893
4912
4929
4946
4965
4982
5000
5018
5036
5053
5071
5089
5106
5125
5142
5159
5178
5195
5213
5231
5249
5266
5284
5302
5319
5337
5354
5372
5390
5407
5426
5443
5460
5479
5496
5514
5532
5550
5567
5585
5603
5620
5639
5656
5673
5692
5709
5727
5745
5763
5780
5798
5816
5833
5852
5869
5886
5904
5921
5940
5957
5975
5993
6010
6028
6046
6064
6081
6099
6117
6134
6153
6170
6188
6206
6223
6241
6259
6277
6294
6312
6330
6347
6366
6383
6401
6419
6436
6454
6471
6489
6507
6524
6542
6560
6578
6595
6614
6631
6648
6667
6684
6702
6720
6737
6755
6773
6791
6808
6827
6844
6861
6880
6897
6915
6933
6950
6968
6986
7004
7021
7040
7057
7074
7093
7110
7128
7146
7163
7181
7199
7217
7234
7251
7269
7287
7305
7322
7341
7358
7375
7394
7411
7429
7447
7464
7482
7500
7518
7535
7554
7571
7589
7608
7625
7644
7662
7680
7698
7716
7734
7752
7771
7788
7806
7825
7842
7861
7879
7897
7915
7933
7951
7969
7987
8004
8023
8040
8057
8076
8093
8112
8130
8147
8166
8184
8202
8220
8239
8256
8274
8293
8310
8329
8347
8365
8383
8401
8419
8437
8456
8473
8492
8510
8527
8546
8564
8582
8600
8619
8636
8654
8672
8689
8708
8725
8742
8761
8778
8796
8814
8832
8849
8867
8885
8902
8921
8938
8956
8975
8992
9011
9029
9047
9065
9083
9101
9119
9138
9155
9174
9192
9209
9228
9246
9264
9282
9300
9318
9336
9355
9372
9391
9409
9426
9445
9463
9481
9499
9518
9535
9553
9572
9589
9608
9626
9644
9662
9679
9697
9715
9733
9751
9769
9787
9805
9824
9841
9860
9878
9895
9914
9932
9950
9968
9987
10004
10022
10041
10058
10077
10094
10112
10130
10147
10166
10184
10202
10220
10238
10256
10274
10292
10310
10329
10346
10364
10383
10400
10419
10436
10455
10473
10490
10509
10527
10545
10563
10580
10599
10617
10635
10653
10672
10689
10707
10725
10743
10762
10779
10798
10816
10833
10852
10869
10888
10906
10924
10942
10960
10978
10996
11014
11032
11051
11068
11086
11105
11122
11141
11158
11176
11195
11212
11231
11249
11267
11285
11302
11321
11339
11357
11375
11394
11411
11429
11447
11465
11484
11501
11520
11538
11555
11574
11591
11610
11628
11645
11664
11682
11700
11718
11736
11754
11772
11790
11808
11827
11844
11863
11880
11898
11917
11934
11953
11971
11988
12007
12024
12043
12061
12079
12097
12115
12133
12151
12169
12187
12206
12223
12241
12260
12277
12296
12313
12332
12350
12367
12386
12404
12422
12440
12457
12476
12494
12512
12530
12549
12566
12584
12602
12620
12639
12656
12675
12693
12710
12729
12746
12765
12783
12801
12819
12837
12855
12873
12891
12909
12928
12945
12963
12982
12999
13018
13035
13053
13072
13089
13108
13126
13144
13162
13179
13198
13216
13234
13252
13271
13288
13306
13324
13342
13361
13378
13396
13415
13432
13451
13468
13487
13505
13522
13541
13559
13577
13595
13613
13631
13649
13667
13685
13704
13721
13740
13757
13775
13794
13811
13830
13848
13865
13884
13901
13920
13938
13956
13974
13992
14010
14028
14046
14064
14083
14100
14118
14137
14154
14173
14190
14209
14227
14244
14263
14281
14299
14317
14334
14353
14371
14389
14407
14426
14443
14461
14479
14497
14516
14533
14552
14570
14587
14606
14623
14641
14659
14676
14695
14713
14731
14749
14768
14785
14803
14821
14839
14858
14875
14894
14912
14929
14948
14965
14984
15002
15020
15038
15056
15074
15092
15110
15127
15145
15163
15181
15200
15217
15236
15254
15271
15290
15307
15326
15344
15362
15380
15398
15416
15434
15452
15469
15488
15505
15523
15542
15559
15578
15596
15613
15632
15649
15668
15686
15704
15722
15740
15758
15776
15794
15812
15831
15848
15866
15885
15902
15921
15938
15956
15975
15992
16011
16029
16047
16065
16083
16101
16119
16137
16155
16174
16191
16209
16228
16245
16264
16281
16300
16318
16335
16354
16372
16390
16408
16425
16443
16461
16479
16497
16516
16533
16551
16570
16587
16606
16623
16642
16660
16677
16696
16714
16732
16750
16768
16786
16804
16822
16840
16859
16876
16894
16912
16930
16949
16966
16985
17003
17020
17039
17056
17075
17093
17111
17129
17147
17165
17183
17202
17219
17238
17256
17273
17292
17309
17328
17346
17363
17382
17400
17418
17436
17454
17472
17490
17508
17526
17545
17562
17581
17598
17616
17635
17652
17671
17689
17707
17725
17742
17761
17779
17797
17815
17833
17851
17869
17887
17905
17924
17941
17959
17978
17995
18014
18031
18050
18068
18085
18104
18122
18140
18158
18176
18194
18212
18230
18248
18267
18284
18302
18321
18338
18357
18375
18393
18411
18429
18447
18465
18484
18501
18520
18538
18555
18574
18592
18610
18628
18646
18663
18681
18699
18717
18736
18753
18771
18790
18807
18826
18844
18862
18880
18897
18916
18934
18952
18970
18989
19006
19024
19042
19060
19079
19096
19115
19133
19150
19169
19186
19205
19223
19240
19259
19277
19295
19313
19331
19349
19367
19385
19403
19422
19439
19458
19475
19493
19512
19529
19548
19566
19584
19602
19619
19638
19656
19674
19692
19710
19728
19746
19764
19782
19801
19818
19836
19855
19872
19891
19908
19927
19945
19962
19981
19999
20017
20035
20052
20071
20089
20107
20125
20144
20161
20179
20197
20215
20234
20251
20270
20288
20305
20324
20341
20360
