176.08
176.08
176.08
176.08
176.08
176.08
176.08
176.08
176.08
176.08
176.08
176.08
176.08
176.08
176.08
176.08
176.08
176.08
176.08
176.08
176.08
176.08
176.08
176.08
176.08
176.08
176.18
176.4
176.76
177.4
177.88
178.4
178.58
178.12
177.28
176.68
176.46
176.48
176.92
177.38
177.56
177.58
177.68
177.78
177.98
178.14
178.12
177.68
177.14
176.84
176.84
177.04
177.74
178.18
178.16
177.86
177.7
177.72
177.94
178.48
179
179.12
179.12
179.28
179.68
180.34
181.2
181.9
182.28
182.14
182.08
182.2
182.44
182.96
183.32
183.28
182.86
182.6
182.48
182.42
182.6
182.52
182.2
181.94
182.16
182.34
182.56
183
182.9
182.56
182.12
182.22
182.44
182.62
182.92
182.84
182.4
181.9
181.86
182.02
182.16
182.56
182.3
181.84
181.54
181.7
181.82
181.94
182.22
182
181.46
181.26
181.42
181.58
181.82
182.2
181.9
181.46
181.14
181.4
181.64
181.88
182.28
182.08
181.78
181.48
181.78
182.1
182.44
182.84
182.66
182.32
182.1
182.42
182.68
183
183.42
183.06
182.8
182.58
182.96
183.24
183.52
183.9
183.8
183.54
183.34
183.66
184.02
184.28
184.66
184.44
184.12
184.02
184.26
184.5
184.76
185.24
185.24
185.16
185.08
185.34
185.62
185.9
186.32
186.26
186.2
186
186.2
186.42
186.68
187.06
186.92
186.76
186.4
186.68
186.92
187.1
187.38
187.22
187
186.72
186.88
187.06
187.22
187.52
187.22
187.1
186.66
186.82
186.98
187.1
187.42
187.24
186.98
186.5
186.68
186.92
187.12
187.46
187.24
187
186.74
186.88
187.18
187.44
187.78
187.4
187.02
186.62
186.84
187.08
187.36
187.66
187.32
186.94
186.54
186.78
186.98
186.96
186.84
186.5
186.48
186.8
187.62
188.22
188.58
188.76
188.52
188.36
188.2
188.52
188.78
188.98
189.38
189.38
189.38
189.22
189.58
189.8
190.04
190.46
190.48
190.36
190.34
190.7
190.92
191.08
191.4
191.34
191.2
190.92
191.22
191.44
191.58
191.92
191.84
191.72
191.44
191.62
191.82
191.92
192.1
191.96
191.86
191.5
191.72
191.92
192.08
192.54
192.8
192.6
191.9
191.38
191.04
190.82
190.96
190.9
190.7
190.22
190.3
190.44
190.52
190.78
190.52
189.98
189.4
189.46
189.62
189.76
190.02
189.78
189.32
188.8
188.72
188.9
189.04
189.36
189.06
188.68
188.2
188.4
188.56
188.68
188.96
188.64
188.18
187.78
187.94
188.18
188.36
188.7
188.4
188.08
187.66
188.04
188.4
188.74
189.16
188.96
188.68
188.44
188.84
189.18
189.54
189.9
189.58
189.3
188.92
189.2
189.4
189.64
189.94
189.6
189.3
189.08
189.48
189.78
190.08
190.36
190.04
189.62
189.28
189.62
189.86
190.14
190.42
190.06
189.72
189.38
189.74
189.92
190.18
190.38
189.98
189.56
189.16
189.24
189.14
188.9
188.56
188.06
188.22
188.58
189.02
188.72
188.3
187.86
187.36
187.44
187.76
188.04
187.74
187.28
186.8
186.3
186.42
186.72
187.08
186.92
186.56
186.22
185.84
186.08
186.42
186.7
186.32
185.94
185.54
185.12
185.3
185.68
186.04
185.68
185.3
184.86
184.46
184.74
185.14
185.46
185.06
184.5
183.8
183.3
183.28
183.74
184.6
185.22
185.54
185.66
185.32
185.14
184.78
184.64
184.9
185.3
185.44
185.2
184.96
184.58
184.48
184.86
185.22
185.4
185.04
184.82
184.5
184.48
184.86
185.18
185.34
185.1
184.84
184.48
184.46
184.84
185.32
185.4
185.08
184.9
184.62
184.68
185.04
185.56
185.7
185.62
185.06
184.58
184.38
184.68
185.6
186.24
186.54
186.24
186.02
185.8
185.54
185.68
185.72
185.7
185.78
185.76
185.76
185.7
185.78
185.96
186.24
186.58
186.58
186.42
186.06
185.72
185.76
186.34
187.22
187.5
187.18
186.56
186.12
186.12
186.62
187.22
187.42
187.08
186.54
186.16
186.2
186.86
187.58
187.7
187.34
186.78
186.34
186.38
186.92
187.4
187.88
187.52
187.12
186.62
185.9
185.86
186.32
187.18
187.44
187.3
187.08
186.22
185.88
185.88
186.28
186.8
186.96
186.68
185.72
185.16
184.88
184.92
185.46
185.82
185.8
185.22
184.96
184.44
184.04
184.26
184.68
184.86
184.38
184.02
183.46
183.18
183.12
183.9
184.32
184.3
183.58
182.92
182.86
183.04
182.96
183.08
183.38
183.36
182.4
181.94
181.82
182.42
182.8
182.6
182.82
182.78
182.84
182.1
181.86
182.06
182.54
182.86
182.84
182.9
183.18
182.72
182.26
182.38
183.24
183.42
183.24
183.2
183.2
182.96
182.8
183.34
183.92
183.94
183.56
183.22
183.48
183.56
183.78
184.06
184.64
184.6
184.36
183.9
184.14
184.12
184.42
184.64
184.82
184.68
184.72
184.88
185.1
185.06
185.3
185.5
186.08
185.94
185.54
185.98
186.48
186.48
185.64
185.94
186.5
186.44
185.68
185.78
186.46
186.52
185.72
185.82
186.48
186.6
185.84
185.94
186.48
186.6
185.8
185.88
186.52
186.52
185.6
185.16
185.8
186
185.2
185.14
185.62
185.76
184.92
184.76
185.18
185.34
184.44
184.3
184.72
184.9
184.06
183.82
184.2
184.36
183.56
183.3
183.66
183.86
183.14
182.92
183.34
183.6
183.02
182.74
183.24
183.56
182.94
182.7
183.18
183.54
183.04
182.78
183.34
183.72
183.22
182.86
183.26
183.6
183.28
183
183.58
184
183.54
182.72
183.26
184.22
183.9
183.48
183.94
184.48
184.22
183.84
184.3
184.92
184.76
184.32
184.84
185.48
185.42
184.96
185.42
186.08
186.06
185.54
185.88
186.42
186.48
186
186.32
186.94
186.82
186.26
186.46
187.16
187.16
186.44
186.64
187.26
187.2
186.5
186.6
187.22
187.24
185.78
185.9
186.58
186.84
186.16
186.22
186.58
186.52
185.76
185.94
187.22
187.4
186.6
186.62
187.22
187.38
186.58
186.66
187.28
187.52
186.72
186.72
187.32
187.58
186.78
186.74
187.32
187.62
186.96
186.92
187.52
187.9
187.46
187.32
187.8
188.14
187.7
187.72
188.26
188.62
188.14
188.06
188.72
189.16
188.7
188.62
189.22
189.68
189.28
189.14
190.5
191.02
190.56
190.32
190.92
191.48
191.3
191.14
191.72
192.2
191.84
191.6
192.16
192.72
192.44
192.16
192.74
193.3
193.02
192.64
193.2
193.78
193.56
193.14
193.7
194.3
194.12
193.6
193.96
194.52
194.4
193.98
193.98
194.24
194.58
194.2
193.7
193.54
193.62
193.62
193.42
193.34
193.26
193.14
192.94
192.86
192.8
192.7
192.66
192.64
192.58
192.5
192.36
192.26
192.22
192.14
192.2
192.04
191.88
191.8
192
191.86
191.54
191.26
191.6
191.52
191.24
190.86
191.12
191.54
190.88
190.24
190.48
190.98
190.44
189.5
189.34
190.04
190.1
189.2
188.68
188.76
189.4
189.28
188.58
188.52
189.28
189.18
188.52
188.14
188.76
189.04
188.42
188.04
188.58
188.88
188.22
187.78
188.1
188.38
187.78
187.3
187.7
188.06
187.46
186.72
186.56
186.94
187.08
186.22
185.92
186.18
186.62
186.3
185.64
185.86
186.36
186.28
185.44
185.12
185.94
186.08
185.26
184.84
185.5
186
185.6
185.02
185.12
185.64
185.8
185.18
184.68
185.08
185.44
185.14
184.68
185
185.94
186.04
185.48
185.46
186.42
186.52
185.86
185.66
186.32
186.8
186.42
186.2
186.9
187.48
187.34
187.18
187.94
188.82
188.98
188.9
189
189.96
190.1
190.08
190.04
190.62
190.88
190.78
190.6
191.02
191.52
191.44
191.16
191.4
192.32
192.48
192
191.5
191.82
191.92
192.12
191.88
191.94
192.62
193.16
192.78
192.34
192.86
193.72
193.82
193
193.02
193.78
193.76
193
193.06
193.96
194.14
193.68
193.36
194
194.08
193.58
193.18
193.6
193.64
192.9
192.4
192.8
192.92
192.24
191.76
192.1
192.32
191.74
191.3
191.74
192.02
191.62
191.32
191.9
192.44
192.24
192.16
192.34
192.7
192.82
193.36
193.98
194.36
193.72
193.84
194.2
194.5
194.56
194.8
195.1
194.76
194.16
194.26
194.92
195.34
194.98
194.8
194.76
194.66
194.3
194.6
195.52
195.74
195.42
195.3
195.7
195.94
196
196.58
197.26
197.34
196.78
196.9
197.82
198.78
198.76
198.58
199.36
200.26
200.24
200.06
200.68
201.42
201.24
200.74
201.26
201.98
201.78
201.22
201.66
202.56
202.66
202.34
203
204.04
204.34
203.92
203.68
204.28
204.68
204.68
204.96
205.58
205.6
204.98
205.02
205.8
206.36
206.08
205.94
205.98
205.54
204.78
204.62
205.18
205.26
204.66
204.2
204.1
204.18
203.8
204.04
204.36
204.28
203.14
202.88
203.46
203.56
202.4
200.46
201.02
201.16
200.1
199.86
200.46
200.72
199.86
199.54
200.06
200.24
199.08
198.56
198.84
198.88
197.7
197.18
197.52
197.64
196.68
196.12
196.54
196.68
195.84
195.16
194.18
193.98
192.94
192.3
192.28
191.62
189.58
187.7
187.22
187.22
187.22
187.22
187.22
187.22
187.22
187.22
187.22
187.22
187.22
187.22
187.22
187.22
187.22
187.22
187.22
187.22
187.22
187.22
187.22
187.22
187.22
187.22
187.22
187.22
187.22
